source_id,ra,dec,phot_g_mean_mag,GAIA,Gmag,Tmag,Bmag,Vmag,Bmag,Vmag,Rmag,Jmag,Hmag,Kmag,Jmag,Hmag,Kmag
4575010197472244352,257.6180254825805,27.96888207562627,15.4,4575010197472244352,nan,nan,nan,nan,18.35,16.97,16.24,11.853,11.268,10.939,nan,nan,18.35,16.97,16.24,11.853,11.268,10.939
4542284161585626496,260.98726172839093,13.638152229470876,12.41,nan,nan,nan,nan,nan,nan,nan,nan,nan,nan,nan,nan,nan,nan,nan,nan,nan,nan,nan
1813577913861507072,312.8989293540186,19.400340235929352,13.19,1813577913861507072,nan,nan,nan,nan,15.13,14.16,14.37,10.135,9.557,9.282,16.279,14.689,15.13,14.16,14.37,10.135,9.557,9.282
2256631484392164736,277.84074486023115,64.90408384472568,12.26,2256631484392164736,nan,nan,nan,nan,14.65,nan,12.41,9.359,8.795,8.532,15.108,13.516,14.65,nan,12.41,9.359,8.795,8.532
6624125075619515392,338.9833872871723,-24.046791006529823,13.65,nan,nan,nan,nan,nan,nan,nan,nan,nan,nan,nan,16.791,15.109,nan,nan,nan,nan,nan,nan
2673992663636347520,327.863872628494,-1.4538643809564864,14.84,nan,nan,nan,nan,nan,nan,nan,nan,nan,nan,nan,nan,nan,nan,nan,nan,nan,nan,nan
1300612927268682496,249.7355448187899,24.600031487961736,14.52,1300612927268682496,nan,nan,nan,nan,17.95,nan,15.21,11.348,10.791,10.474,nan,nan,17.95,nan,15.21,11.348,10.791,10.474
1688578285187648128,199.5549879102013,73.3699480175708,16.91,1688578285187648128,nan,nan,nan,nan,20.0,nan,12.49,12.66,12.038,11.714,nan,nan,20.0,nan,12.49,12.66,12.038,11.714
933708229245319552,116.88437489683092,48.14454469402071,12.63,nan,nan,nan,nan,nan,nan,nan,nan,nan,nan,nan,15.309,13.836,nan,nan,nan,nan,nan,nan
1701585301586363904,219.3063182798832,75.6113197999762,11.66,nan,nan,nan,nan,nan,nan,nan,nan,nan,nan,nan,nan,nan,nan,nan,nan,nan,nan,nan
1125337098625077504,135.0547322197256,75.3722029273642,13.29,1125337098625077504,nan,nan,nan,nan,16.2,14.88,14.14,10.243,9.669,9.4,16.548,14.815,16.2,14.88,14.14,10.243,9.669,9.4
1407397599636558592,252.01928169555487,45.37878383120685,12.32,1407397599636558592,nan,nan,nan,nan,14.95,13.67,13.21,9.353,8.772,8.518,15.341,13.826,14.95,13.67,13.21,9.353,8.772,8.518
2635054730649017472,345.90447403050047,-5.642896643720605,13.6,2635054730649017472,nan,nan,nan,nan,16.29,14.83,14.24,10.614,10.039,9.739,16.729,15.012,16.29,14.83,14.24,10.614,10.039,9.739
5175014311223513984,35.50730943129421,-10.778022972869074,5.34,nan,nan,nan,nan,nan,nan,nan,nan,nan,nan,nan,6.228,6.09,nan,nan,nan,nan,nan,nan
1074883087005896320,176.48424226223543,72.09605593055011,8.4,1074883087005896320,nan,nan,nan,nan,10.058,8.872,8.15,6.717,6.195,6.046,nan,nan,10.058,8.872,8.15,6.717,6.195,6.046
6805455124526007424,311.52354199432096,-25.271831081555423,4.03,nan,nan,nan,nan,nan,nan,nan,nan,nan,nan,nan,nan,nan,nan,nan,nan,nan,nan,nan
1481412186933442304,216.0930107298919,36.674873765233656,13.43,1481412186933442304,nan,nan,nan,nan,16.07,14.89,14.01,10.428,9.881,9.589,16.601,14.821,16.07,14.89,14.01,10.428,9.881,9.589
1337270885456433280,262.1267687142122,37.450859195861135,12.11,nan,nan,nan,nan,nan,nan,nan,nan,nan,nan,nan,14.94,13.243,nan,nan,nan,nan,nan,nan
1558718059209082752,205.09562651942923,50.519764005856594,6.2,1558718059209082752,nan,nan,nan,nan,6.821,6.338,6.02,5.277,5.107,5.016,nan,nan,6.821,6.338,6.02,5.277,5.107,5.016
4596549007488604288,268.99206876897784,29.435851045648107,12.69,4596549007488604288,nan,nan,nan,nan,15.21,13.84,13.36,9.759,9.182,8.909,15.608,13.999,15.21,13.84,13.36,9.759,9.182,8.909
1468322432286288128,203.16154688484784,30.984695367805664,12.76,nan,nan,nan,nan,nan,nan,nan,nan,nan,nan,nan,15.712,13.98,nan,nan,nan,nan,nan,nan
1208030784033689088,231.85626042453887,17.52463643821856,14.53,nan,nan,nan,nan,nan,nan,nan,nan,nan,nan,nan,nan,nan,nan,nan,nan,nan,nan,nan
532920302303570176,13.491887636506094,69.28052100300438,13.78,nan,nan,nan,nan,nan,16.85,nan,14.48,nan,nan,nan,17.103,15.512,16.85,nan,14.48,nan,nan,nan
4602078902438063488,262.6107550391464,33.748721218667576,12.24,nan,nan,nan,nan,nan,nan,nan,nan,nan,nan,nan,15.088,13.513,nan,nan,nan,nan,nan,nan
1008217631133579392,91.25322531504068,64.46339653363957,12.27,1008217631133579392,nan,nan,nan,nan,14.34,nan,12.55,9.505,8.904,8.622,14.912,13.434,14.34,nan,12.55,9.505,8.904,8.622
2854535874531776000,357.47329005042764,27.360607407858986,12.77,nan,nan,nan,nan,nan,nan,nan,nan,nan,nan,nan,15.719,14.108,nan,nan,nan,nan,nan,nan
121254932585133568,54.037060346201294,31.31019023978257,12.36,nan,nan,nan,nan,nan,nan,nan,nan,nan,nan,nan,15.69,13.992,nan,nan,nan,nan,nan,nan
2761165175302182656,351.86076888779405,8.754542098166265,13.03,2761165175302182656,nan,nan,nan,nan,15.4,13.89,13.27,10.257,9.729,9.464,15.892,14.259,15.4,13.89,13.27,10.257,9.729,9.464
1182635948082088064,227.61329854093745,13.466716176265102,12.55,1182635948082088064,nan,nan,nan,nan,15.0,13.63,12.35,9.749,9.179,8.935,15.342,13.807,15.0,13.63,12.35,9.749,9.179,8.935
1498145551317166336,212.3814710708208,41.63604300504642,14.1,nan,nan,nan,nan,nan,nan,nan,nan,nan,nan,nan,17.8,15.915,nan,nan,nan,nan,nan,nan
1548104507825815296,183.9328580862877,52.51624041534022,12.57,nan,nan,nan,nan,nan,nan,nan,nan,nan,nan,nan,13.837,13.23,nan,nan,nan,nan,nan,nan
2245067199050291328,309.5690605155034,63.8276080910011,14.52,nan,nan,nan,nan,nan,nan,nan,nan,nan,nan,nan,nan,nan,nan,nan,nan,nan,nan,nan
4602081204540357248,262.9774987889492,33.589081382026464,15.33,nan,nan,nan,nan,nan,nan,nan,nan,nan,nan,nan,nan,nan,nan,nan,nan,nan,nan,nan
1546291138277427712,181.2863609799171,48.47212454920492,15.25,1546291138277427712,nan,nan,nan,nan,18.35,17.15,16.44,11.72,11.108,10.742,nan,nan,18.35,17.15,16.44,11.72,11.108,10.742
225527878018880896,61.44489674591304,37.32812750373547,14.17,225527878018880896,nan,nan,nan,nan,17.11,nan,15.01,nan,nan,nan,nan,nan,17.11,nan,15.01,nan,nan,nan
1486075147027474176,213.7072727317864,40.74654345297087,13.48,1486075147027474176,nan,nan,nan,nan,16.2,14.91,14.04,10.519,9.929,9.669,16.549,14.908,16.2,14.91,14.04,10.519,9.929,9.669
981900721539947136,115.43752344302756,49.22219848056225,9.27,981900721539947136,nan,nan,nan,nan,10.937,9.745,9.03,7.501,6.937,6.78,10.906,nan,10.937,9.745,9.03,7.501,6.937,6.78
532462149551387776,22.809725626722106,70.26415396108322,5.7,nan,nan,nan,nan,nan,nan,nan,nan,nan,nan,nan,nan,nan,nan,nan,nan,nan,nan,nan
2134231062552666368,286.40696553662696,52.188091517950994,14.43,2134231062552666368,nan,nan,nan,nan,16.59,nan,14.72,10.973,10.428,10.108,nan,nan,16.59,nan,14.72,10.973,10.428,10.108
2235968637250218368,297.06456026223213,59.423594616003655,6.51,2235968637250218368,nan,nan,nan,nan,7.195,6.651,6.28,5.559,5.322,5.258,nan,nan,7.195,6.651,6.28,5.559,5.322,5.258
2038203054189567872,289.3812591026317,28.552679949799728,14.13,nan,nan,nan,nan,nan,nan,nan,nan,nan,nan,nan,nan,nan,nan,nan,nan,nan,nan,nan
373349657227961472,19.120974246665487,42.93923027351137,6.46,373349657227961472,nan,nan,nan,nan,7.144,6.601,6.23,5.514,5.258,5.176,10.279,nan,7.144,6.601,6.23,5.514,5.258,5.176
2473055951588089088,15.588216824209594,-10.424910797212489,9.38,nan,nan,nan,nan,nan,nan,nan,nan,nan,nan,nan,11.375,10.098,nan,nan,nan,nan,nan,nan
982389862479141376,116.80762696862776,50.3445006097037,11.78,982389862479141376,nan,nan,nan,nan,14.41,13.3,11.4,8.855,8.298,8.039,14.754,13.092,14.41,13.3,11.4,8.855,8.298,8.039
2450599697900838912,23.491941044485504,-17.6410526553703,11.74,nan,nan,nan,nan,nan,nan,nan,nan,nan,nan,nan,14.704,13.053,nan,nan,nan,nan,nan,nan
2161733975835084544,314.90719918559813,42.045541692915904,9.21,nan,nan,nan,nan,nan,nan,nan,nan,nan,nan,nan,11.581,nan,nan,nan,nan,nan,nan,nan
4426032591025363200,237.7047807505515,4.47809962993318,3.7,nan,nan,nan,nan,nan,nan,nan,nan,nan,nan,nan,nan,nan,nan,nan,nan,nan,nan,nan
1635873435829345536,256.7682109533826,67.16169532050046,14.7,1635873435829345536,nan,nan,nan,nan,17.74,16.18,15.89,11.4,10.82,10.518,nan,nan,17.74,16.18,15.89,11.4,10.82,10.518
1440197680761004288,263.31089471182923,63.207773992738645,14.56,1440197680761004288,nan,nan,nan,nan,17.63,16.42,15.54,11.201,10.603,10.266,nan,nan,17.63,16.42,15.54,11.201,10.603,10.266
2414623952318068224,1.2406904522488873,-17.160317067654336,14.58,nan,nan,nan,nan,nan,nan,nan,nan,nan,nan,nan,nan,nan,nan,nan,nan,nan,nan,nan
